cam_ids:
- 18486643
cam_aliases:
- BlackFly
master_cam: 18486643
skip: 20 # nr of frames to skip (to clear buffer)
delay: 1.0 # seconds to wait before init/deinit
binning: 2 # going from 2 to 1 requires cameras to be unplugged and replugged
color: true
frames: 53
soft_framerate: 20 # this frame rate reflects to the software frame rate set using ros::rate
exp: 997

distortion_model: plumb_bob
image_height: 1200
image_width: 1920
distortion_coeffs:
- [1192.7368121029237, 0.0, 937.8440738594899, 623.4427147564193, 0.0, 0.0, 1.0]
intrinsic_coeffs:
- [-0.25062317670621914, -0.0020169455509021507, 8.298292809068899e-05, -0.001161442052595698, 0.2264924266183459]
